mod_frequ=10
img_direction_buffer_length=10
image_avg_buffer_length=500
error_polynom=-1.00902357e-14,  2.01530365e-10, -1.48302963e-06,  4.90375704e-03, -6.95669293e+00,  4.38496571e+03