server_ip=192.168.1.80
img_height=60
img_width=160
mod_frequ=20
exposure_max=4000
img_direction_buffer_length=5
img_avg_buffer_length=200
dist_offset=-1375
error_polynom=-8.13201464e-15,  1.59850408e-10, -1.15833994e-06,  3.77202858e-03, -5.25330679e+00,  2.14750701e+03
min_object_height=200
min_object_position=50
max_object_position=100
min_person_height=500