server_ip=192.168.1.80
img_height=60
img_width=160
mod_frequ=10
exposure_max=4000
img_direction_buffer_length=10
img_avg_buffer_length=500
error_polynom=-1.00902357e-14,  2.01530365e-10, -1.48302963e-06,  4.90375704e-03, -6.95669293e+00,  4.38496571e+03
min_object_height=200
min_object_position=50
max_object_position=100
min_person_height=1000